29000 1.4244058
29001 1.3514254
29002 1.3115321
29003 1.3554548
29004 1.3279845
29005 1.4648956
29006 1.4500251
29007 1.4569628
29008 1.2807822
29009 1.4422853
29010 1.6041929
29011 1.4970539
29012 1.454687
29013 1.5898706
29014 1.4975021
29015 1.5712966
29016 1.5413238
29017 1.4600453
29018 1.6058978
29019 1.5044812
29020 1.5457314
29021 1.4581469
29022 1.4135524
29023 1.3235854
29024 1.5340136
29025 1.2242365
29026 1.2508034
29027 1.4704455
29028 1.450313
29029 1.5431883
29030 1.3831089
29031 1.5096654
29032 1.3960539
29033 1.4450289
29034 1.4600329
29035 1.3944834
29036 1.3988919
29037 1.4088243
29038 1.4275751
29039 1.5992007
29040 1.642057
29041 1.4329435
29042 1.4301913
29043 1.4375187
29044 1.5580287
29045 1.4379891
29046 1.5307599
29047 1.6230744
29048 1.548276
29049 1.4221836
29050 1.546546
29051 1.4349618
29052 1.4009094
29053 1.5032673
29054 1.3985577
29055 1.5216016
29056 1.6018693
29057 1.3758949
29058 1.2312012
29059 1.5368401
29060 1.5302166
29061 1.5248102
29062 1.5078571
29063 1.4250009
29064 1.602087
29065 1.6260903
29066 1.5074832
29067 1.526392
29068 1.4701126
29069 1.4722246
29070 1.4788218
29071 1.6160718
29072 1.4832062
29073 1.3554338
29074 1.4941028
29075 1.5390706
29076 1.6079655
29077 1.5822769
29078 1.4212457
29079 1.4884585
29080 1.4518626
29081 1.4117028
29082 1.3670245
29083 1.538707
29084 1.3687205
29085 1.5716654
29086 1.4574343
29087 1.3424691
29088 1.4869171
29089 1.6237786
29090 1.3709016
29091 1.3889415
29092 1.6316448
29093 1.5683359
29094 1.4556677
29095 1.4277413
29096 1.6437181
29097 1.5544243
29098 1.3371181
29099 1.5568252
29100 1.5360117
29101 1.5680813
29102 1.5103611
29103 1.2971188
29104 1.4441657
29105 1.3463469
29106 1.3016086
29107 1.422534
29108 1.6014988
29109 1.4007411
29110 1.4620118
29111 1.4143556
29112 1.7372535
29113 1.6546168
29114 1.4077158
29115 1.5900851
29116 1.2892303
29117 1.2179655
29118 1.3108224
29119 1.3604286
29120 1.66406
29121 1.4006182
29122 1.5611205
29123 1.5338169
29124 1.5511017
29125 1.506534
29126 1.4251672
29127 1.4770836
29128 1.4299048
29129 1.5325441
29130 1.4759614
29131 1.4972388
29132 1.3703427
29133 1.5585936
29134 1.5656136
29135 1.4915576
29136 1.4898968
29137 1.4312677
29138 1.3683282
29139 1.4615958
29140 1.6044239
29141 1.5192556
29142 1.4438066
29143 1.4115227
29144 1.5469794
29145 1.6174818
29146 1.4026246
29147 1.5625565
29148 1.6023129
29149 1.4681219
29150 1.3815941
29151 1.472628
29152 1.4293566
29153 1.4409786
29154 1.4855114
29155 1.5721248
29156 1.660439
29157 1.2670866
29158 1.4602419
29159 1.4426373
29160 1.5620837
29161 1.6246525
29162 1.5167911
29163 1.3193036
29164 1.2787738
29165 1.4817951
29166 1.6568742
29167 1.5578544
29168 1.485101
29169 1.213208
29170 1.5006341
29171 1.4403868
29172 1.5315859
29173 1.4739016
29174 1.4910289
29175 1.5177857
29176 1.3593472
29177 1.4681513
29178 1.633692
29179 1.4582853
29180 1.517375
29181 1.5761309
29182 1.4702979
29183 1.4847741
29184 1.282534
29185 1.624096
29186 1.4046288
29187 1.49446
29188 1.5639102
29189 1.4031653
29190 1.5166997
29191 1.6843247
29192 1.4217901
29193 1.4687097
29194 1.611382
29195 1.5529764
29196 1.392446
29197 1.6157253
29198 1.4428518
29199 1.2879105
29200 1.5539722
29201 1.4937665
29202 1.4570622
29203 1.6921309
29204 1.4059507
29205 1.372865
29206 1.4646183
29207 1.4863749
29208 1.5782268
29209 1.4989433
29210 1.5617326
29211 1.4594963
29212 1.5336823
29213 1.4654999
29214 1.408577
29215 1.3349313
29216 1.3780683
29217 1.4978342
29218 1.4260736
29219 1.4230429
29220 1.4139433
29221 1.5993499
29222 1.48621
29223 1.5331237
29224 1.3627447
29225 1.5676286
29226 1.3793771
29227 1.3242009
29228 1.3258661
29229 1.5216612
29230 1.2477983
29231 1.5014942
29232 1.4739691
29233 1.5084747
29234 1.3863168
29235 1.5576769
29236 1.6672623
29237 1.5992646
29238 1.2104328
29239 1.2373697
29240 1.4938515
29241 1.395845
29242 1.4428343
29243 1.4071023
29244 1.4160085
29245 1.4092218
29246 1.1388135
29247 1.5471859
29248 1.4688284
29249 1.2602284
29250 1.3787619
29251 1.4694699
29252 1.5205638
29253 1.5239744
29254 1.2884673
29255 1.1793804
29256 1.3006668
29257 1.3661177
29258 1.4199343
29259 1.4889046
29260 1.3976681
29261 1.6146889
29262 1.3548082
29263 1.5755492
29264 1.5140777
29265 1.5546786
29266 1.4881741
29267 1.5570012
29268 1.3199663
29269 1.4992675
29270 1.5787029
29271 1.6208394
29272 1.4412436
29273 1.4208035
29274 1.4437511
29275 1.505012
29276 1.5813566
29277 1.586992
29278 1.2991589
29279 1.3926244
29280 1.4391167
29281 1.4861056
29282 1.49839
29283 1.4986846
29284 1.5954129
29285 1.431335
29286 1.5584675
29287 1.2356098
29288 1.4068928
29289 1.460114
29290 1.4187422
29291 1.2613794
29292 1.4357407
29293 1.4607267
29294 1.5519284
29295 1.4147811
29296 1.4232163
29297 1.6158186
29298 1.595189
29299 1.4942847
29300 1.5439079
29301 1.4216334
29302 1.4459275
29303 1.5870508
29304 1.3370903
29305 1.3582349
29306 1.3330541
29307 1.5214596
29308 1.6226554
29309 1.38624
29310 1.6794761
29311 1.3215756
29312 1.6650898
29313 1.2635852
29314 1.6688603
29315 1.5269
29316 1.424981
29317 1.5411705
29318 1.5923328
29319 1.5266613
29320 1.5244998
29321 1.4760842
29322 1.5415021
29323 1.4021984
29324 1.4800384
29325 1.1568084
29326 1.557407
29327 1.395401
29328 1.4542065
29329 1.3630145
29330 1.3917375
29331 1.4052567
29332 1.4254563
29333 1.4994477
29334 1.287081
29335 1.3172286
29336 1.4669327
29337 1.470593
29338 1.4965041
29339 1.3272458
29340 1.5122786
29341 1.4836168
29342 1.3875955
29343 1.4938184
29344 1.617214
29345 1.5437073
29346 1.6098534
29347 1.4374851
29348 1.3941813
29349 1.4875526
29350 1.4511572
29351 1.5367483
29352 1.6600144
29353 1.5131713
29354 1.5107497
29355 1.5742062
29356 1.6492745
29357 1.5016854
29358 1.3362888
29359 1.499998
29360 1.5458138
29361 1.3490866
29362 1.3547988
29363 1.5212634
29364 1.5776955
29365 1.6257044
29366 1.5192515
29367 1.5957462
29368 1.4733485
29369 1.4484322
29370 1.3271937
29371 1.4801004
29372 1.4264424
29373 1.4967374
29374 1.4435068
29375 1.4225112
29376 1.3504169
29377 1.510117
29378 1.5037346
29379 1.6712993
29380 1.5882616
29381 1.44495
29382 1.3392833
29383 1.6161585
29384 1.3397095
29385 1.4708855
29386 1.4088308
29387 1.4053036
29388 1.3987125
29389 1.3480641
29390 1.4135275
29391 1.5519487
29392 1.346176
29393 1.3421658
29394 1.411189
29395 1.5790895
29396 1.4018004
29397 1.4833704
29398 1.442314
29399 1.467636
29400 1.5559989
29401 1.6344385
29402 1.3080842
29403 1.4967798
29404 1.4339421
29405 1.6384248
29406 1.5412979
29407 1.5344586
29408 1.5545042
29409 1.4874122
29410 1.273166
29411 1.2783476
29412 1.5354203
29413 1.2579616
29414 1.3039775
29415 1.4525582
29416 1.4955549
29417 1.3932871
29418 1.3896158
29419 1.445665
29420 1.5582278
29421 1.3589922
29422 1.4687777
29423 1.3594862
29424 1.409271
29425 1.4139622
29426 1.3266032
29427 1.4904273
29428 1.5231583
29429 1.3626071
29430 1.5305145
29431 1.5401719
29432 1.4314859
29433 1.4438277
29434 1.4741516
29435 1.5532495
29436 1.1963967
29437 1.4556057
29438 1.3814328
29439 1.5732981
29440 1.4065194
29441 1.6259335
29442 1.4522543
29443 1.4029377
29444 1.5356134
29445 1.4665996
29446 1.376273
29447 1.3389056
29448 1.367076
29449 1.417546
29450 1.3878865
29451 1.4770018
29452 1.3761669
29453 1.4886397
29454 1.4793833
29455 1.2651435
29456 1.4088714
29457 1.5545349
29458 1.3776425
29459 1.3975105
29460 1.2556214
29461 1.5627
29462 1.3681376
29463 1.5051409
29464 1.5773897
29465 1.4396424
29466 1.3668095
29467 1.5559461
29468 1.4462838
29469 1.6343251
29470 1.7127717
29471 1.4296502
29472 1.4343821
29473 1.410766
29474 1.4929724
29475 1.5732328
29476 1.2897748
29477 1.6726248
29478 1.5104636
29479 1.5629423
29480 1.3762507
29481 1.4023409
29482 1.6089389
29483 1.6166451
29484 1.3667884
29485 1.5854988
29486 1.445058
29487 1.582078
29488 1.4187915
29489 1.4731052
29490 1.1433064
29491 1.3908497
29492 1.5224681
29493 1.3053916
29494 1.4091529
29495 1.4330409
29496 1.4262011
29497 1.4551218
29498 1.4207022
29499 1.404094
29500 1.6113898
29501 1.4167222
29502 1.3140664
29503 1.4504969
29504 1.4237416
29505 1.6533892
29506 1.4908836
29507 1.2667266
29508 1.3630325
29509 1.4859775
29510 1.7382492
29511 1.41879
29512 1.5244526
29513 1.5586208
29514 1.4942387
29515 1.329861
29516 1.363764
29517 1.4705876
29518 1.3862927
29519 1.3679703
29520 1.3373485
29521 1.518653
29522 1.353523
29523 1.3136318
29524 1.396344
29525 1.4480059
29526 1.5586436
29527 1.4708403
29528 1.4642532
29529 1.5687895
29530 1.4727122
29531 1.5753149
29532 1.4531544
29533 1.436008
29534 1.3637016
29535 1.6265677
29536 1.5287441
29537 1.395472
29538 1.4563631
29539 1.5011036
29540 1.4655051
29541 1.4357944
29542 1.5089335
29543 1.4653411
29544 1.4788939
29545 1.5128701
29546 1.4021395
29547 1.5303715
29548 1.466618
29549 1.3902427
29550 1.5188165
29551 1.3524256
29552 1.4202734
29553 1.4619802
29554 1.4389899
29555 1.5320082
29556 1.503008
29557 1.7072564
29558 1.5132813
29559 1.4084301
29560 1.4128131
29561 1.5212507
29562 1.3044138
29563 1.4185072
29564 1.3756002
29565 1.4741076
29566 1.5414803
29567 1.4825643
29568 1.5299914
29569 1.5615655
29570 1.4957741
29571 1.4803143
29572 1.4067576
29573 1.4015245
29574 1.477478
29575 1.3203727
29576 1.3949192
29577 1.3380871
29578 1.4653932
29579 1.4361856
29580 1.413757
29581 1.4937477
29582 1.5588971
29583 1.5424825
29584 1.6456444
29585 1.5302473
29586 1.4015027
29587 1.6035968
29588 1.5222529
29589 1.3519402
29590 1.4551452
29591 1.6783698
29592 1.51092
29593 1.3850878
29594 1.5247694
29595 1.3949636
29596 1.436184
29597 1.5943809
29598 1.4713937
29599 1.5853975
29600 1.4260327
29601 1.6593935
29602 1.2889012
29603 1.4825975
29604 1.4523733
29605 1.4857647
29606 1.4758465
29607 1.6925108
29608 1.2701855
29609 1.495735
29610 1.6474091
29611 1.4615159
29612 1.3552812
29613 1.4378932
29614 1.3425769
29615 1.4744166
29616 1.4041829
29617 1.4421993
29618 1.4572046
29619 1.3999333
29620 1.5329475
29621 1.6003606
29622 1.5706836
29623 1.3291006
29624 1.4684997
29625 1.6256527
29626 1.5210288
29627 1.5445365
29628 1.575684
29629 1.435046
29630 1.4244121
29631 1.420908
29632 1.5324968
29633 1.5106169
29634 1.5266936
29635 1.6151831
29636 1.6286694
29637 1.608557
29638 1.5549212
29639 1.4929372
29640 1.5010898
29641 1.414672
29642 1.5398095
29643 1.5413957
29644 1.187797
29645 1.2556212
29646 1.5278746
29647 1.3232406
29648 1.6108465
29649 1.3286201
29650 1.4496908
29651 1.4214067
29652 1.5884186
29653 1.4107122
29654 1.503278
29655 1.2683555
29656 1.5098338
29657 1.662287
29658 1.5073185
29659 1.4738299
29660 1.472448
29661 1.6602074
29662 1.5323747
29663 1.5043786
29664 1.44443
29665 1.36045
29666 1.5773455
29667 1.4682425
29668 1.5827482
29669 1.4470612
29670 1.2676342
29671 1.2902424
29672 1.4325142
29673 1.4888886
29674 1.5605484
29675 1.3661088
29676 1.3970892
29677 1.5106531
29678 1.3430442
29679 1.328813
29680 1.3055203
29681 1.1936944
29682 1.5505345
29683 1.3774581
29684 1.7156099
29685 1.4645252
29686 1.5282326
29687 1.4103647
29688 1.5540712
29689 1.3625518
29690 1.4300497
29691 1.4483074
29692 1.4942739
29693 1.6627816
29694 1.450197
29695 1.4153478
29696 1.5104586
29697 1.5537145
29698 1.5290596
29699 1.4032049
29700 1.4337333
29701 1.439582
29702 1.4333671
29703 1.5604199
29704 1.4315623
29705 1.1550283
29706 1.6275216
29707 1.4364088
29708 1.4855984
29709 1.2023597
29710 1.3803244
29711 1.4143729
29712 1.4282303
29713 1.4483302
29714 1.5306221
29715 1.3725289
29716 1.3916429
29717 1.4495223
29718 1.5419488
29719 1.303207
29720 1.4010657
29721 1.6425285
29722 1.5102744
29723 1.457535
29724 1.3602936
29725 1.5002209
29726 1.371016
29727 1.518097
29728 1.4860165
29729 1.3242551
29730 1.4585497
29731 1.439977
29732 1.5970787
29733 1.3521974
29734 1.4490368
29735 1.3180947
29736 1.3944544
29737 1.6016637
29738 1.6404141
29739 1.6082025
29740 1.5101988
29741 1.5378573
29742 1.2800624
29743 1.3501356
29744 1.6278175
29745 1.5363674
29746 1.2667753
29747 1.4155895
29748 1.3830862
29749 1.5010405
29750 1.5628115
29751 1.4532235
29752 1.6460556
29753 1.6524707
29754 1.4868912
29755 1.4699996
29756 1.4877465
29757 1.4479703
29758 1.4542644
29759 1.5254465
29760 1.4966912
29761 1.5496658
29762 1.4416617
29763 1.5066513
29764 1.5600729
29765 1.6522825
29766 1.4979283
29767 1.3249669
29768 1.5187153
29769 1.3041909
29770 1.578997
29771 1.3987172
29772 1.5784582
29773 1.4595176
29774 1.4689523
29775 1.5676839
29776 1.598307
29777 1.5337802
29778 1.465684
29779 1.4085598
29780 1.4765477
29781 1.4386823
29782 1.3619316
29783 1.2642615
29784 1.4733517
29785 1.4413133
29786 1.4678953
29787 1.4846126
29788 1.5362113
29789 1.384272
29790 1.4554546
29791 1.4851662
29792 1.251698
29793 1.4808415
29794 1.3642011
29795 1.2717367
29796 1.2705815
29797 1.411166
29798 1.4241402
29799 1.7372749
29800 1.3720733
29801 1.549892
29802 1.33583
29803 1.3575697
29804 1.6625293
29805 1.4217086
29806 1.4683446
29807 1.5683122
29808 1.2317128
29809 1.2948167
29810 1.4507979
29811 1.3461993
29812 1.2634258
29813 1.5605658
29814 1.5062412
29815 1.4142132
29816 1.4935246
29817 1.4370028
29818 1.5960852
29819 1.336905
29820 1.7567595
29821 1.5998758
29822 1.5697374
29823 1.5811402
29824 1.5348729
29825 1.5787205
29826 1.4303169
29827 1.503137
29828 1.4116508
29829 1.6115854
29830 1.4304595
29831 1.5147226
29832 1.4337015
29833 1.5586195
29834 1.3534666
29835 1.3165263
29836 1.3445079
29837 1.6101723
29838 1.5253023
29839 1.4088492
29840 1.6059606
29841 1.2592678
29842 1.1336747
29843 1.468243
29844 1.6173689
29845 1.4075764
29846 1.5419424
29847 1.4640113
29848 1.5328519
29849 1.440727
29850 1.3994485
29851 1.4680785
29852 1.4821033
29853 1.215674
29854 1.4829464
29855 1.4831972
29856 1.5241396
29857 1.4710466
29858 1.5696706
29859 1.5820808
29860 1.4419806
29861 1.298409
29862 1.322643
29863 1.5310948
29864 1.4791472
29865 1.5803213
29866 1.42871
29867 1.4241455
29868 1.5196052
29869 1.3679587
29870 1.3960042
29871 1.3198096
29872 1.4699516
29873 1.4767206
29874 1.5816141
29875 1.6588382
29876 1.3080341
29877 1.5534472
29878 1.589465
29879 1.1713607
29880 1.5622978
29881 1.4045944
29882 1.3942398
29883 1.5648412
29884 1.4741644
29885 1.3465757
29886 1.3923943
29887 1.3491328
29888 1.4229817
29889 1.5551407
29890 1.4507004
29891 1.480713
29892 1.3869171
29893 1.5475569
29894 1.4644402
29895 1.4857107
29896 1.4910774
29897 1.7306197
29898 1.5634842
29899 1.4290085
29900 1.6240846
29901 1.4849128
29902 1.5330702
29903 1.2544836
29904 1.5641139
29905 1.5466751
29906 1.3802005
29907 1.2921638
29908 1.3870462
29909 1.387121
29910 1.5364469
29911 1.438622
29912 1.5164437
29913 1.4809428
29914 1.3845581
29915 1.4822794
29916 1.4278169
29917 1.5165932
29918 1.3756266
29919 1.6734749
29920 1.4989636
29921 1.3797147
29922 1.5383061
29923 1.497604
29924 1.4578199
29925 1.4655838
29926 1.5025685
29927 1.5434903
29928 1.5153377
29929 1.5082911
29930 1.4297028
29931 1.4216919
29932 1.3820314
29933 1.5032712
29934 1.5261586
29935 1.3963141
29936 1.1804668
29937 1.4619575
29938 1.4706074
29939 1.5164762
29940 1.3070852
29941 1.6103714
29942 1.3984948
29943 1.3614185
29944 1.3403211
29945 1.4571949
29946 1.250561
29947 1.6903926
29948 1.6091623
29949 1.6534326
29950 1.4782437
29951 1.5118436
29952 1.4482788
29953 1.2703395
29954 1.448009
29955 1.4074985
29956 1.3591
29957 1.420464
29958 1.3110819
29959 1.5340399
29960 1.4381703
29961 1.3490258
29962 1.6000748
29963 1.6022543
29964 1.5343136
29965 1.6599902
29966 1.4933188
29967 1.5201675
29968 1.4783454
29969 1.6562803
29970 1.4750448
29971 1.4284117
29972 1.3211706
29973 1.549904
29974 1.7259289
29975 1.6159617
29976 1.4401015
29977 1.3957224
29978 1.151235
29979 1.4871271
29980 1.3238316
29981 1.3201697
29982 1.4074149
29983 1.4036775
29984 1.3610576
29985 1.52151
29986 1.4319012
29987 1.4481164
29988 1.26407
29989 1.5626888
29990 1.5260944
29991 1.2910161
29992 1.5035896
29993 1.4693159
29994 1.4934103
29995 1.3769331
29996 1.4855534
29997 1.2490488
29998 1.3759576
29999 1.3452716
Mean: 1.4638869109153747
